1 43.36 100611 0.84 123980580.00 11122179.00 1 -0.12 -0.14 0.09 0.98 827912
1 43.35 100446 18.97 123980580.00 11122179.00 1 -0.05 -0.07 0.13 0.99 828370
1 43.37 100175 40.15 123980580.00 11122179.00 1 -0.34 -0.11 0.06 0.93 828473
1 43.41 100023 50.68 123980580.00 11122179.00 1 -0.49 -0.15 0.02 0.86 828547
1 43.43 99927 58.52 123980580.00 11122179.00 1 -0.66 -0.16 -0.04 0.73 828627
1 43.45 99823 68.14 123980580.00 11122179.00 1 -0.79 -0.16 -0.10 0.58 828709
1 43.46 99692 80.47 123980580.00 11122179.00 1 -0.89 -0.17 -0.14 0.41 828790
1 43.47 99538 92.81 123980580.00 11122179.00 1 -0.94 -0.17 -0.18 0.21 828929
1 43.38 98948 143.52 123980580.00 11122179.00 1 -0.66 -0.06 -0.26 -0.70 829386
1 43.40 98784 155.60 123980580.00 11122179.00 1 -0.39 -0.01 -0.22 -0.89 829463
1 43.42 98681 164.96 123980580.00 11122179.00 1 -0.22 0.02 -0.20 -0.95 829545
1 43.45 98582 173.31 123980580.00 11122179.00 1 -0.05 0.06 -0.16 -0.98 829627
1 43.46 98479 182.01 123980580.00 11122179.00 1 0.14 0.09 -0.12 -0.98 829709
1 43.47 98372 190.80 123980580.00 11122179.00 1 0.30 0.11 -0.07 -0.94 829794
1 43.44 98125 214.06 123980580.00 11122179.00 1 0.65 0.16 0.04 -0.74 830054
1 43.38 97680 250.32 123980580.00 11122179.00 1 0.96 0.16 0.23 0.03 830380
1 43.42 97599 257.20 123980580.00 11122179.00 1 0.94 0.14 0.25 0.18 830451
1 43.44 97514 264.42 123980580.00 11122179.00 1 0.89 0.13 0.27 0.34 830530
1 43.46 97431 271.90 123980580.00 11122179.00 1 0.82 0.11 0.27 0.50 830609
1 43.48 97344 279.22 123980580.00 11122179.00 1 0.72 0.08 0.27 0.64 830689
1 43.49 97254 287.06 123980580.00 11122179.00 1 0.59 0.06 0.26 0.76 830772
1 43.50 97171 294.74 123980580.00 11122179.00 1 0.47 0.03 0.25 0.84 830893
1 43.40 96726 333.97 123980580.00 11122179.00 1 -0.37 -0.11 0.05 0.92 831349
1 43.37 96304 370.57 123980580.00 11122179.00 1 -0.93 -0.16 -0.20 0.28 831798
1 43.37 95908 404.34 123980580.00 11122179.00 1 -0.77 -0.11 -0.29 -0.56 832246
1 43.37 95550 436.04 123980580.00 11122179.00 1 -0.08 0.01 -0.16 -0.98 832696
1 43.38 95385 448.81 123980580.00 11122179.00 1 0.31 0.08 -0.05 -0.95 832851
1 43.37 95096 475.46 123980580.00 11122179.00 1 0.79 0.15 0.15 -0.57 833307
1 43.39 94967 485.65 123980580.00 11122179.00 1 0.92 0.17 0.23 -0.26 833439
1 43.43 94917 489.78 123980580.00 11122179.00 1 0.94 0.17 0.26 -0.16 833512
1 43.45 94867 494.00 123980580.00 11122179.00 1 0.94 0.17 0.28 -0.03 833591
1 43.47 94810 498.92 123980580.00 11122179.00 1 0.94 0.17 0.29 0.09 833673
1 43.49 94765 503.32 123980580.00 11122179.00 1 0.91 0.17 0.31 0.21 833751
1 43.50 94713 507.73 123980580.00 11122179.00 1 0.88 0.16 0.31 0.33 833835
1 43.51 94667 512.75 123980580.00 11122179.00 1 0.83 0.15 0.31 0.44 833955
1 43.41 94398 535.94 123980580.00 11122179.00 1 0.41 0.09 0.25 0.87 834414
1 43.43 94329 541.59 123980580.00 11122179.00 1 0.22 0.06 0.20 0.95 834489
1 43.46 94283 545.22 123980580.00 11122179.00 1 0.12 0.04 0.17 0.98 834567
1 43.48 94243 549.11 123980580.00 11122179.00 1 0.03 0.03 0.15 0.99 834647
1 43.49 94200 552.47 123980580.00 11122179.00 1 -0.07 0.01 0.11 0.99 834725
1 43.51 94160 556.45 123980580.00 11122179.00 1 -0.18 -0.01 0.08 0.98 834808
1 43.42 93961 574.42 123980580.00 11122179.00 1 -0.58 -0.08 -0.09 0.80 835269
1 43.42 93874 581.69 123980580.00 11122179.00 1 -0.75 -0.11 -0.18 0.63 835402
1 43.45 93841 584.35 123980580.00 11122179.00 1 -0.80 -0.12 -0.21 0.56 835477
1 43.48 96519 721.35 123980580.00 11122179.00 1 -0.83 -0.14 -0.24 0.48 835559
1 43.49 93382 643.07 123980580.00 11122179.00 1 -0.90 -0.06 -0.25 0.34 835642
1 43.51 93569 609.49 123980580.00 11122179.00 1 -0.93 -0.02 -0.29 0.23 835727
1 43.52 93478 618.03 123980580.00 11122179.00 1 -0.93 0.02 -0.33 0.16 835806
1 43.53 93294 634.06 123980580.00 11122179.00 1 -0.90 0.05 -0.43 0.07 835887
1 43.45 93543 646.55 123980580.00 11122179.00 1 0.19 0.34 -0.92 -0.02 836221
1 43.41 93588 605.13 123980580.00 11122179.00 1 0.29 0.14 -0.81 0.50 836671
1 43.40 93267 634.15 123980580.00 11122179.00 1 -0.29 -0.24 -0.71 -0.59 837117
1 43.40 93336 628.18 123980580.00 11122179.00 1 -0.20 0.39 -0.81 -0.39 837567
1 43.40 93304 632.37 123980580.00 11122179.00 1 0.46 0.54 -0.70 0.04 837940
1 43.40 93254 636.65 123980580.00 11122179.00 1 0.49 0.35 -0.18 0.78 838374
1 43.43 93252 636.56 123980580.00 11122179.00 1 0.30 0.29 -0.04 0.91 838447
1 43.46 93256 636.20 123980580.00 11122179.00 1 0.16 0.27 0.05 0.95 838526
1 43.49 93259 636.20 123980580.00 11122179.00 1 0.03 0.26 0.11 0.96 838605
1 43.51 93262 635.85 123980580.00 11122179.00 1 -0.12 0.26 0.17 0.94 838685
1 43.52 93267 634.96 123980580.00 11122179.00 1 -0.28 0.28 0.21 0.89 838765
1 43.53 93276 634.42 123980580.00 11122179.00 1 -0.43 0.31 0.24 0.82 838848
1 43.44 93286 633.98 123980580.00 11122179.00 1 -0.74 0.57 0.19 0.32 839308
1 43.45 93279 633.80 123980580.00 11122179.00 1 -0.69 0.69 0.18 0.10 839450
1 43.48 93283 633.80 123980580.00 11122179.00 1 -0.66 0.72 0.19 0.05 839523
1 43.50 93297 632.64 123980580.00 11122179.00 1 -0.64 0.73 0.24 0.01 839602
1 43.52 93310 630.86 123980580.00 11122179.00 1 -0.62 0.72 0.30 -0.03 839684
1 43.53 93323 629.70 123980580.00 11122179.00 1 -0.61 0.69 0.39 -0.05 839768
1 43.50 93341 627.65 123980350.00 11122250.00 1 -0.65 0.51 0.56 -0.06 840005
1 43.44 93527 611.27 123980350.00 11122250.00 1 -0.79 -0.15 0.56 0.19 840374
1 43.47 93550 609.22 123980350.00 11122250.00 1 -0.80 -0.18 0.53 0.21 840446
1 43.49 93589 606.20 123980350.00 11122250.00 1 -0.82 -0.17 0.51 0.20 840565
1 43.51 93608 603.98 123980350.00 11122250.00 1 -0.84 -0.10 0.50 0.17 840638
1 43.53 93633 602.64 123980350.00 11122250.00 1 -0.87 -0.01 0.48 0.12 840720
1 43.54 93647 601.40 123980350.00 11122250.00 1 -0.89 0.09 0.44 0.05 840804
1 43.50 93666 599.80 123980350.00 11122250.00 1 -0.88 0.39 0.26 -0.12 841099
1 43.44 93604 605.40 123980350.00 11122250.00 1 -0.74 0.32 0.60 0.02 841546
1 43.43 93661 599.36 123980350.00 11122250.00 1 -0.67 0.08 0.73 0.08 841992
1 43.43 93782 588.17 123980350.00 11122250.00 1 -0.71 0.51 0.46 -0.18 842439
1 43.43 93857 581.25 123980350.00 11122250.00 1 -0.69 0.10 0.69 0.19 842772
1 43.47 93885 579.39 123980350.00 11122250.00 1 -0.66 0.01 0.70 0.28 842848
1 43.46 93962 573.01 123980350.00 11122250.00 1 -0.66 0.16 0.65 0.34 843189
1 43.45 93945 575.31 123980350.00 11122250.00 1 -0.65 0.58 0.33 0.37 843445
1 43.48 93944 575.93 123980350.00 11122250.00 1 -0.63 0.63 0.23 0.38 843517
1 43.51 93936 574.87 123980350.00 11122250.00 1 -0.56 0.63 0.25 0.48 843597
1 43.53 93943 574.69 123980350.00 11122250.00 1 -0.46 0.62 0.27 0.58 843678
1 43.55 93941 573.09 123980350.00 11122250.00 1 -0.34 0.60 0.29 0.67 843758
1 43.56 93974 570.70 123980350.00 11122250.00 1 -0.19 0.55 0.33 0.75 843906
1 43.47 94161 555.56 123980350.00 11122250.00 1 -0.07 0.49 -0.07 0.87 844349
1 43.49 94179 553.79 123980350.00 11122250.00 1 -0.04 0.43 -0.23 0.87 844424
1 43.52 94179 554.68 123980350.00 11122250.00 1 -0.01 0.41 -0.29 0.87 844503
1 43.54 94181 554.24 123980350.00 11122250.00 1 0.04 0.40 -0.34 0.85 844584
1 43.56 94182 554.50 123980350.00 11122250.00 1 0.12 0.41 -0.35 0.83 844664
1 43.57 94195 553.00 123980350.00 11122250.00 1 0.20 0.42 -0.36 0.81 844744
1 43.57 94213 550.70 123980350.00 11122250.00 1 0.36 0.44 -0.35 0.75 844838
1 43.58 94236 548.84 123980350.00 11122250.00 1 0.46 0.43 -0.35 0.69 844958
1 43.48 94314 540.62 123980350.00 11122250.00 1 0.65 0.13 -0.59 0.46 845418
1 43.50 94337 539.48 123980350.00 11122250.00 1 0.68 -0.09 -0.62 0.37 845499
1 43.53 94348 539.12 123980350.00 11122250.00 1 0.70 -0.16 -0.63 0.30 845575
1 43.55 94342 539.21 123980350.00 11122250.00 1 0.72 -0.23 -0.62 0.19 845655
1 43.57 94367 536.83 123980350.00 11122250.00 1 0.74 -0.26 -0.62 0.04 845740
1 43.58 94380 535.59 123980350.00 11122250.00 1 0.73 -0.32 -0.60 -0.07 845816
1 43.49 94483 525.88 123980350.00 11122250.00 1 0.47 -0.49 -0.37 -0.63 846283
1 43.46 94557 520.86 123980350.00 11122250.00 1 0.12 -0.58 0.19 -0.78 846772
1 43.46 94665 510.46 123980350.00 11122250.00 1 -0.50 -0.40 0.43 -0.64 847220
1 43.46 94743 504.38 123980350.00 11122250.00 1 -0.70 0.12 0.64 -0.29 847669
1 43.48 94765 502.53 123980350.00 11122250.00 1 -0.74 0.26 0.62 0.03 847816
1 43.51 94794 498.92 123980350.00 11122250.00 1 -0.73 0.27 0.61 0.15 847956
1 43.47 94950 486.62 123980350.00 11122250.00 1 -0.54 0.54 0.25 0.60 848409
1 43.50 94979 482.75 123980350.00 11122250.00 1 -0.41 0.57 0.10 0.70 848483
1 43.53 94990 482.93 123980350.00 11122250.00 1 -0.35 0.58 0.02 0.73 848563
1 43.56 95007 480.73 123980350.00 11122250.00 1 -0.29 0.58 -0.04 0.76 848642
1 43.57 95028 479.15 123980350.00 11122250.00 1 -0.20 0.57 -0.07 0.79 848723
1 43.59 95050 476.95 123980350.00 11122250.00 1 -0.10 0.56 -0.09 0.81 848807
1 43.60 95054 475.02 123980350.00 11122250.00 1 -0.01 0.55 -0.11 0.83 848885
1 43.51 95157 468.18 123980350.00 11122250.00 1 0.44 0.42 -0.34 0.72 849351
1 43.52 95155 467.83 123980350.00 11122250.00 1 0.60 0.23 -0.53 0.56 849487
1 43.55 95163 466.07 123980350.00 11122250.00 1 0.64 0.14 -0.57 0.50 849561
1 43.57 95160 466.95 123980350.00 11122250.00 1 0.68 0.03 -0.60 0.41 849640
1 43.59 95164 467.30 123980350.00 11122250.00 1 0.73 -0.06 -0.61 0.29 849721
1 43.60 95186 465.55 123980350.00 11122250.00 1 0.76 -0.14 -0.61 0.17 849805
1 43.61 95190 465.11 123980350.00 11122250.00 1 0.77 -0.21 -0.60 0.06 849910
1 43.52 95314 452.75 123980350.00 11122250.00 1 0.67 -0.47 -0.42 -0.38 850370
1 43.53 95362 449.86 123980350.00 11122250.00 1 0.56 -0.55 -0.27 -0.55 850484
1 43.56 95387 447.67 123980350.00 11122250.00 1 0.51 -0.59 -0.20 -0.60 850558
1 43.58 95397 447.24 123980350.00 11122250.00 1 0.44 -0.61 -0.14 -0.65 850640
1 43.60 95412 446.36 123980350.00 11122250.00 1 0.34 -0.62 -0.09 -0.70 850723
1 43.61 95412 445.48 123980350.00 11122250.00 1 0.26 -0.62 -0.03 -0.73 850802
1 43.62 95426 445.22 123980350.00 11122250.00 1 0.18 -0.63 0.03 -0.76 850887
1 43.53 95490 438.31 123980350.00 11122250.00 1 -0.23 -0.55 0.29 -0.75 851353
1 43.50 95623 428.00 123980350.00 11122250.00 1 -0.47 -0.31 0.50 -0.65 851802
1 43.50 95745 416.82 123980350.00 11122250.00 1 -0.70 -0.19 0.54 -0.43 852250
1 43.49 95800 410.62 123980350.00 11122250.00 1 -0.80 0.22 0.56 -0.05 852700
1 43.51 95840 408.18 123980350.00 11122250.00 1 -0.74 0.42 0.44 0.26 852927
1 43.50 95945 397.28 123980350.00 11122250.00 1 -0.46 0.55 0.21 0.67 853384
1 43.52 95981 394.24 123980350.00 11122250.00 1 -0.21 0.57 -0.06 0.79 853530
1 43.55 96006 393.89 123980350.00 11122250.00 1 -0.11 0.55 -0.16 0.81 853604
1 43.58 95998 393.97 123980350.00 11122250.00 1 0.02 0.52 -0.26 0.82 853685
1 43.60 96011 392.23 123980350.00 11122250.00 1 0.12 0.48 -0.34 0.80 853765
1 43.61 96036 392.23 123980350.00 11122250.00 1 0.20 0.43 -0.41 0.78 853844
1 43.53 96150 381.62 123980350.00 11122250.00 1 0.70 0.14 -0.56 0.43 854341
1 43.55 96168 380.14 123980350.00 11122250.00 1 0.78 -0.11 -0.58 0.21 854456
1 43.57 96169 379.62 123980350.00 11122250.00 1 0.79 -0.19 -0.57 0.10 854530
1 43.59 96189 378.92 123980350.00 11122250.00 1 0.79 -0.29 -0.55 -0.02 854611
1 43.61 96185 378.66 123980350.00 11122250.00 1 0.76 -0.38 -0.50 -0.16 854692
1 43.63 96190 377.96 123980350.00 11122250.00 1 0.70 -0.46 -0.45 -0.32 854774
1 43.64 96195 376.40 123980350.00 11122250.00 1 0.62 -0.51 -0.39 -0.45 854861
1 43.57 96265 370.40 123980350.00 11122250.00 1 0.35 -0.62 -0.14 -0.69 855203
1 43.54 96371 362.76 123980350.00 11122250.00 1 -0.01 -0.56 0.25 -0.79 855482
1 43.58 96376 361.37 123980350.00 11122250.00 1 -0.11 -0.52 0.32 -0.78 855557
1 43.60 96382 360.93 123980350.00 11122250.00 1 -0.20 -0.49 0.39 -0.76 855639
1 43.62 96375 361.72 123980350.00 11122250.00 1 -0.30 -0.45 0.44 -0.72 855723
1 43.63 96396 359.37 123980350.00 11122250.00 1 -0.42 -0.42 0.47 -0.65 855803
1 43.57 96484 351.56 123980350.00 11122250.00 1 -0.63 -0.25 0.56 -0.47 856159
1 43.53 96584 343.50 123980350.00 11122250.00 1 -0.79 0.24 0.56 0.01 856607
1 43.52 96676 334.84 123980350.00 11122250.00 1 -0.61 0.47 0.40 0.49 857054
1 43.52 96769 325.92 123980350.00 11122250.00 1 -0.25 0.62 0.01 0.74 857501
1 43.53 96840 321.17 123980350.00 11122250.00 1 0.04 0.58 -0.24 0.78 857843
1 43.53 96941 311.92 123980350.00 11122250.00 1 0.38 0.48 -0.37 0.70 858299
1 43.54 97010 306.39 123980350.00 11122250.00 1 0.52 0.29 -0.50 0.63 858462
1 43.58 97016 306.22 123980350.00 11122250.00 1 0.57 0.22 -0.53 0.58 858534
1 43.61 97029 305.18 123980350.00 11122250.00 1 0.62 0.14 -0.56 0.52 858614
1 43.63 97034 304.66 123980350.00 11122250.00 1 0.68 0.07 -0.58 0.44 858694
1 43.64 97036 303.02 123980350.00 11122250.00 1 0.73 0.01 -0.60 0.35 858774
1 43.66 97042 303.97 123980350.00 11122250.00 1 0.76 -0.06 -0.60 0.24 858854
1 43.62 97063 300.78 123980350.00 11122250.00 1 0.79 -0.18 -0.58 -0.01 859097
1 43.56 97176 291.72 123980350.00 11122250.00 1 0.58 -0.55 -0.28 -0.54 859480
1 43.59 97192 291.03 123980350.00 11122250.00 1 0.52 -0.59 -0.20 -0.59 859554
1 43.62 97212 289.22 123980350.00 11122250.00 1 0.45 -0.62 -0.10 -0.63 859636
1 43.63 97211 288.18 123980350.00 11122250.00 1 0.36 -0.64 0.01 -0.68 859755
1 43.65 97238 287.58 123980350.00 11122250.00 1 0.31 -0.64 0.05 -0.70 859883
1 43.57 97355 276.38 123980350.00 11122250.00 1 -0.05 -0.59 0.17 -0.79 860344
1 43.59 97405 272.25 123980350.00 11122250.00 1 -0.09 -0.54 0.24 -0.80 860425
1 43.62 97440 269.24 123980350.00 11122250.00 1 -0.12 -0.52 0.27 -0.80 860503
1 43.64 97449 268.20 123980350.00 11122250.00 1 -0.17 -0.48 0.32 -0.80 860584
1 43.66 97471 267.60 123980350.00 11122250.00 1 -0.24 -0.45 0.35 -0.78 860666
1 43.67 97479 265.45 123980350.00 11122250.00 1 -0.32 -0.43 0.39 -0.75 860748
1 43.68 97483 266.14 123980350.00 11122250.00 1 -0.41 -0.41 0.42 -0.70 860832
1 43.59 97555 259.52 123980350.00 11122250.00 1 -0.71 -0.14 0.57 -0.39 861298
1 43.56 97625 252.13 123980350.00 11122250.00 1 -0.77 0.42 0.43 0.21 861777
1 43.56 97704 245.34 123980350.00 11122250.00 1 -0.30 0.61 0.05 0.73 862224
1 43.55 97798 238.39 123980350.00 11122250.00 1 0.36 0.40 -0.46 0.71 862671
1 43.57 97885 231.36 123980350.00 11122250.00 1 0.57 0.18 -0.54 0.59 862852
1 43.56 98043 217.48 123980350.00 11122250.00 1 0.81 0.01 -0.53 0.26 863307
1 43.58 98084 214.83 123980350.00 11122250.00 1 0.85 -0.24 -0.47 -0.03 863459
1 43.62 98070 215.68 123980350.00 11122250.00 1 0.84 -0.35 -0.40 -0.09 863537
1 43.64 98057 217.31 123980350.00 11122250.00 1 0.83 -0.45 -0.31 -0.13 863614
1 43.66 98042 217.57 123980350.00 11122250.00 1 0.80 -0.51 -0.26 -0.20 863697
1 43.67 98051 217.40 123980350.00 11122250.00 1 0.74 -0.54 -0.26 -0.32 863780
1 43.60 98112 211.57 123980350.00 11122250.00 1 0.09 -0.50 -0.36 -0.78 864244
1 43.60 98209 203.96 123980350.00 11122250.00 1 0.12 -0.57 -0.04 -0.81 864402
1 43.64 98223 202.08 123980350.00 11122250.00 1 0.15 -0.55 0.10 -0.81 864477
1 43.66 98252 199.52 123980350.00 11122250.00 1 0.16 -0.51 0.22 -0.81 864563
1 43.68 98251 199.77 123980350.00 11122250.00 1 0.13 -0.47 0.31 -0.82 864638
1 43.69 98245 199.43 123980350.00 11122250.00 1 0.11 -0.43 0.39 -0.81 864721
1 43.70 98269 197.72 123980350.00 11122250.00 1 0.00 -0.44 0.39 -0.80 864801
1 43.71 98276 198.58 123980350.00 11122250.00 1 -0.12 -0.47 0.38 -0.79 864948
1 43.61 98378 187.65 123980350.00 11122250.00 1 -0.66 -0.39 0.40 -0.50 865400
1 43.63 98427 184.66 123980350.00 11122250.00 1 -0.68 -0.14 0.53 -0.49 865475
1 43.66 98428 184.49 123980350.00 11122250.00 1 -0.69 0.01 0.55 -0.46 865555
1 43.68 98435 185.51 123980350.00 11122250.00 1 -0.73 0.14 0.54 -0.40 865638
1 43.69 98438 185.68 123980350.00 11122250.00 1 -0.74 0.26 0.52 -0.35 865720
1 43.71 98420 184.49 123980350.00 11122250.00 1 -0.77 0.31 0.51 -0.23 865827
1 43.62 98496 177.92 123980350.00 11122250.00 1 -0.52 0.35 0.52 0.58 866287
1 43.60 98623 167.43 123980350.00 11122250.00 1 -0.39 0.61 -0.10 0.68 866735
1 43.59 98745 157.30 123980350.00 11122250.00 1 0.20 0.58 -0.11 0.78 867214
1 43.59 98778 155.94 123980350.00 11122250.00 1 0.58 0.29 -0.52 0.55 867661
1 43.61 98785 154.74 123980350.00 11122250.00 1 0.68 -0.02 -0.65 0.33 867840
1 43.60 98921 140.54 123980350.00 11122250.00 1 0.75 -0.38 -0.48 -0.27 868300
1 43.62 98984 137.31 123980350.00 11122250.00 1 0.63 -0.51 -0.30 -0.51 868414
1 43.65 98997 135.96 123980350.00 11122250.00 1 0.56 -0.56 -0.21 -0.57 868488
1 43.68 98997 136.72 123980350.00 11122250.00 1 0.47 -0.60 -0.13 -0.64 868572
1 43.69 98997 136.47 123980350.00 11122250.00 1 0.34 -0.63 -0.04 -0.69 868656
1 43.71 98987 136.80 123980350.00 11122250.00 1 0.21 -0.65 0.03 -0.73 868734
1 43.72 98986 137.06 123980350.00 11122250.00 1 0.09 -0.64 0.10 -0.75 868849
1 43.63 99096 127.46 123980350.00 11122250.00 1 -0.46 -0.39 0.45 -0.65 869310
1 43.64 99138 124.07 123980350.00 11122250.00 1 -0.67 -0.12 0.57 -0.46 869448
1 43.67 99158 121.78 123980350.00 11122250.00 1 -0.71 -0.04 0.59 -0.39 869524
1 43.69 99177 118.89 123980350.00 11122250.00 1 -0.75 0.06 0.59 -0.30 869608
1 43.71 99193 119.57 123980350.00 11122250.00 1 -0.77 0.15 0.59 -0.20 869686
1 43.72 99197 117.96 123980350.00 11122250.00 1 -0.78 0.20 0.58 -0.06 869767
1 43.64 99275 112.54 123980350.00 11122250.00 1 -0.63 0.49 0.43 0.41 870231
1 43.65 99322 108.64 123980350.00 11122250.00 1 -0.50 0.60 0.24 0.57 870387
1 43.68 99336 107.37 123980350.00 11122250.00 1 -0.45 0.62 0.18 0.62 870461
1 43.70 99367 106.44 123980350.00 11122250.00 1 -0.37 0.63 0.12 0.67 870540
1 43.72 99370 105.00 123980350.00 11122250.00 1 -0.31 0.64 0.03 0.70 870624
1 43.73 99382 103.81 123980350.00 11122250.00 1 -0.23 0.63 -0.03 0.74 870701
1 43.75 99401 102.71 123980350.00 11122250.00 1 -0.12 0.62 -0.08 0.77 870782
1 43.65 99524 90.86 123980350.00 11122250.00 1 0.08 0.54 -0.22 0.81 871246
1 43.63 99638 81.65 123980350.00 11122250.00 1 0.22 0.47 -0.32 0.79 871692
1 43.62 99683 77.93 123980350.00 11122250.00 1 0.53 0.33 -0.50 0.60 872137
1 43.62 99772 69.23 123980350.00 11122250.00 1 0.76 -0.02 -0.59 0.28 872612
1 43.63 99836 65.27 123980350.00 11122250.00 1 0.80 -0.27 -0.52 -0.11 872935
1 43.63 99926 57.42 123980350.00 11122250.00 1 0.54 -0.57 -0.17 -0.59 873330
1 43.66 99949 55.74 123980350.00 11122250.00 1 0.47 -0.59 -0.08 -0.64 873404
1 43.69 99967 54.22 123980350.00 11122250.00 1 0.38 -0.60 0.00 -0.70 873485
1 43.71 99987 52.28 123980350.00 11122250.00 1 0.28 -0.59 0.08 -0.75 873565
1 43.73 99997 51.94 123980350.00 11122250.00 1 0.16 -0.58 0.16 -0.78 873645
1 43.75 100020 49.75 123980350.00 11122250.00 1 0.02 -0.56 0.23 -0.80 873730
1 43.72 100031 48.15 123980350.00 11122250.00 1 -0.24 -0.49 0.37 -0.75 873967
1 43.66 100102 42.93 123980350.00 11122250.00 1 -0.73 -0.08 0.60 -0.32 874341
1 43.69 100133 41.16 123980350.00 11122250.00 1 -0.76 0.01 0.60 -0.25 874415
1 43.72 100157 37.97 123980350.00 11122250.00 1 -0.78 0.10 0.59 -0.19 874497
1 43.74 100170 36.62 123980350.00 11122250.00 1 -0.79 0.18 0.57 -0.14 874577
1 43.75 100193 35.36 123980350.00 11122250.00 1 -0.80 0.25 0.55 -0.04 874659
1 43.76 100191 35.61 123980350.00 11122250.00 1 -0.79 0.32 0.52 0.03 874743
1 43.71 100235 31.24 123980350.00 11122250.00 1 -0.72 0.44 0.45 0.28 875043
1 43.67 100333 22.50 123980350.00 11122250.00 1 -0.53 0.58 0.24 0.57 875355
1 43.71 100363 21.40 123980350.00 11122250.00 1 -0.49 0.59 0.18 0.61 875427
1 43.73 100404 17.96 123980350.00 11122250.00 1 -0.46 0.61 0.12 0.64 875507
1 43.75 100419 16.95 123980350.00 11122250.00 1 -0.45 0.62 0.05 0.64 875587
1 43.76 100440 15.61 123980350.00 11122250.00 1 -0.40 0.62 0.04 0.67 875672
1 43.78 100449 13.51 123980350.00 11122250.00 1 -0.37 0.62 0.04 0.69 875748
1 43.69 100616 -0.42 123980350.00 11122250.00 1 -0.05 0.56 0.11 0.82 876211
1 43.66 100635 -0.51 123980350.00 11122250.00 1 -0.55 -0.33 0.40 -0.66 876660
1 43.66 100632 -1.43 123980350.00 11122250.00 1 0.37 0.44 0.15 -0.81 877109
